A=[9,0,0,0;8,7,0,0;6,5,4,0;,0,3,2,1]

A =

     9     0     0     0
     8     7     0     0
     6     5     4     0
     0     3     2     1

b=[2,8,24,32]

b =

     2     8    24    32

SLEDiag(A, b)
    0.2222    0.8889    4.5556   20.2222

diary off
