A = [3.102,-0.155;-2.534,0.1234]

A =

    3.1020   -0.1550
   -2.5340    0.1234

cond(A)

ans =

   1.6110e+03

diary off
